image: office_hector_mapping.pgm
resolution: 0.050000
mode: scale
origin: [-51.224998, -51.224998, 0.000000]
negate: 0
occupied_thresh: 0.93
free_thresh: 0.196

